0.779647 -0.223598
0.778921 -0.223498
0.778227 -0.223418
0.777544 -0.223354
0.776870 -0.223303
0.776203 -0.223262
0.775541 -0.223229
0.774884 -0.223203
0.774230 -0.223182
0.773579 -0.223165
0.772930 -0.223151
0.772283 -0.223141
0.771639 -0.223132
0.770997 -0.223125
0.770359 -0.223119
0.769723 -0.223115
0.769089 -0.223111
0.768458 -0.223109
0.767828 -0.223106
0.767199 -0.223104
0.766571 -0.223103
0.765942 -0.223102
0.765312 -0.223101
0.764681 -0.223100
0.764047 -0.223100
0.763411 -0.223099
0.762772 -0.223099
0.762130 -0.223098
0.761486 -0.223098
0.760839 -0.223098
0.760190 -0.223098
0.759540 -0.223097
0.758888 -0.223097
0.758237 -0.223097
0.757586 -0.223097
0.756936 -0.223097
0.756288 -0.223097
0.755642 -0.223097
0.754998 -0.223097
0.754358 -0.223097
0.753720 -0.223097
0.753085 -0.223097
0.752452 -0.223097
0.751821 -0.223097
0.751192 -0.223097
0.750563 -0.223097
0.749935 -0.223097
0.749306 -0.223097
0.748675 -0.223097
0.748043 -0.223096
0.747409 -0.223096
0.746772 -0.223096
0.746132 -0.223096
0.745499 -0.223180
0.745175 -0.223176
0.744867 -0.223173
0.744555 -0.223170
0.744229 -0.223253
0.743899 -0.223332
0.743933 -0.223416
0.743972 -0.223417
0.742997 -0.223382
0.742015 -0.223346
0.742038 -0.223431
0.742072 -0.223517
0.742107 -0.223519
0.741135 -0.223466
0.740151 -0.223413
0.740161 -0.223481
0.740172 -0.223482
0.739212 -0.223423
0.738240 -0.223363
0.737617 -0.223325
0.737622 -0.223410
0.737628 -0.223411
0.736671 -0.223343
0.735701 -0.223275
0.735703 -0.223360
0.735711 -0.223446
0.735726 -0.223532
0.735746 -0.223603
0.735767 -0.223691
0.735790 -0.223779
0.735813 -0.223851
0.735837 -0.223906
0.735858 -0.223944
0.735849 -0.223977
0.735835 -0.224010
0.735817 -0.224033
0.735796 -0.224056
0.735771 -0.224078
0.735745 -0.224100
0.735719 -0.224122
0.735694 -0.224144
0.735671 -0.224166
0.735652 -0.224189
0.735649 -0.224214
0.735650 -0.224240
0.735654 -0.224267
0.735662 -0.224294
0.735673 -0.224322
0.735686 -0.224351
0.735699 -0.224379
0.735712 -0.224408
0.735723 -0.224436
0.735732 -0.224464
0.735738 -0.224491
0.735740 -0.224518
0.735734 -0.224543
0.735725 -0.224568
0.735711 -0.224591
0.735694 -0.224614
0.735674 -0.224636
0.735652 -0.224657
0.735630 -0.224679
0.735607 -0.224700
0.735586 -0.224721
0.735566 -0.224743
0.735550 -0.224765
0.735537 -0.224789
0.735528 -0.224813
0.735521 -0.224846
0.735518 -0.224880
0.735519 -0.224915
0.735522 -0.224952
0.735529 -0.224988
0.735528 -0.225059
0.735527 -0.225129
0.735532 -0.225131
0.735203 -0.225113
0.734850 -0.225103
0.734499 -0.225088
0.734527 -0.225184
0.734576 -0.225269
0.734638 -0.225359
0.734701 -0.225469
0.734765 -0.225581
0.734831 -0.225677
0.734794 -0.225737
0.734749 -0.225794
0.734698 -0.225848
0.734636 -0.225916
0.734570 -0.225983
0.734504 -0.226048
0.734439 -0.226113
0.734399 -0.226096
0.733726 -0.225813
0.733029 -0.225519
0.732313 -0.225218
0.731587 -0.224912
0.730857 -0.224605
0.730828 -0.224685
0.730826 -0.224684
0.729949 -0.224306
0.729059 -0.223922
0.728477 -0.223671
0.727901 -0.223422
0.727330 -0.223176
0.726763 -0.222931
0.726199 -0.222687
0.725635 -0.222444
0.725072 -0.222201
0.724507 -0.221957
0.723940 -0.221712
0.723351 -0.221459
0.722752 -0.221246
0.723023 -0.221409
0.723306 -0.221581
0.723291 -0.221612
0.723269 -0.221649
0.723242 -0.221684
0.723212 -0.221717
0.723182 -0.221741
0.723147 -0.221772
0.723111 -0.221802
0.723082 -0.221788
0.722412 -0.221464
0.721716 -0.221127
0.720999 -0.220780
0.720271 -0.220428
0.719540 -0.220075
0.719529 -0.220116
0.719524 -0.220161
0.719524 -0.220209
0.719533 -0.220251
0.719540 -0.220303
0.719549 -0.220355
0.719561 -0.220400
0.719571 -0.220444
0.719578 -0.220486
0.719558 -0.220515
0.719534 -0.220541
0.719506 -0.220565
0.719474 -0.220586
0.719444 -0.220599
0.719413 -0.220611
0.719385 -0.220616
0.719359 -0.220620
0.719334 -0.220626
0.719315 -0.220630
0.719309 -0.220641
0.719307 -0.220655
0.719308 -0.220670
0.719312 -0.220687
0.719321 -0.220702
0.719329 -0.220721
0.719340 -0.220738
0.719349 -0.220757
0.719358 -0.220773
0.719366 -0.220787
0.719369 -0.220804
0.719371 -0.220815
0.719370 -0.220824
0.719364 -0.220831
0.719355 -0.220836
0.719343 -0.220839
0.719328 -0.220840
0.719310 -0.220839
0.719291 -0.220838
0.719272 -0.220837
0.719252 -0.220835
0.719234 -0.220834
0.719218 -0.220835
0.719205 -0.220837
0.719195 -0.220841
0.719188 -0.220847
0.719185 -0.220855
0.719186 -0.220865
0.719190 -0.220878
0.719197 -0.220892
0.719206 -0.220907
0.719216 -0.220924
0.719227 -0.220940
0.719237 -0.220956
0.719246 -0.220972
0.719253 -0.220986
0.719257 -0.220998
0.719257 -0.221009
0.719252 -0.221016
0.719244 -0.221021
0.719233 -0.221024
0.719218 -0.221025
0.719201 -0.221025
0.719183 -0.221024
0.719164 -0.221022
0.719145 -0.221020
0.719126 -0.221019
0.719110 -0.221019
0.719096 -0.221020
0.719085 -0.221023
0.719078 -0.221029
0.719074 -0.221036
