1.550616 1.656282
1.555340 1.664126
1.553075 1.659458
1.552644 1.657786
1.552063 1.653318
1.552121 1.654114
1.551546 1.654816
1.550997 1.655621
1.550483 1.656269
1.550069 1.657009
1.549624 1.657569
1.549316 1.658262
1.548969 1.658995
1.548637 1.659755
1.548341 1.660492
1.548075 1.661202
1.547829 1.661920
1.547600 1.662640
1.547367 1.663321
1.547161 1.664001
1.546935 1.664688
1.546737 1.665337
1.546523 1.665945
1.546288 1.666560
1.546092 1.667173
1.545885 1.667805
1.545669 1.668445
1.545466 1.669070
1.545302 1.669507
1.545103 1.670142
1.544884 1.670761
1.544663 1.671402
1.544458 1.672040
1.544238 1.672694
1.544041 1.673271
1.543835 1.673879
1.543639 1.674465
1.543433 1.675077
1.543221 1.675714
1.543086 1.676161
1.542868 1.676823
1.542638 1.677455
1.542417 1.678060
1.542201 1.678684
1.542008 1.679313
1.541801 1.679945
1.541581 1.680595
1.541423 1.681044
1.541208 1.681677
1.541008 1.682290
1.540796 1.682916
1.540577 1.683569
1.540372 1.684199
1.540154 1.684795
1.539961 1.685405
1.539750 1.685994
1.539540 1.686609
1.539338 1.687230
1.539133 1.687854
1.539086 1.687985
1.538851 1.688668
1.538611 1.689376
1.538391 1.690032
1.538163 1.690703
1.537927 1.691401
1.537709 1.692073
1.537495 1.692678
1.537292 1.693294
1.537082 1.693898
1.536892 1.694508
1.536689 1.695130
1.536483 1.695748
1.536275 1.696327
1.536067 1.696935
1.535854 1.697523
1.535654 1.698134
1.535443 1.698760
1.535283 1.699271
1.535054 1.699888
1.534839 1.700513
1.534638 1.701136
1.534427 1.701754
1.534230 1.702370
1.534024 1.702997
1.533815 1.703627
1.533694 1.703977
1.533469 1.704639
1.533263 1.705267
1.533044 1.705913
1.532818 1.706574
1.532587 1.707262
1.532423 1.707706
1.532206 1.708342
1.531989 1.708959
1.531777 1.709591
1.531584 1.710216
1.531377 1.710850
1.531165 1.711489
1.530960 1.712088
1.530743 1.712668
1.530533 1.713281
1.530334 1.713892
1.530123 1.714519
1.529978 1.714995
1.529751 1.715621
1.529536 1.716255
1.529333 1.716860
1.529117 1.717496
1.528899 1.718145
1.528696 1.718773
1.528487 1.719407
1.528376 1.719751
1.528141 1.720391
1.527918 1.721038
1.527714 1.721675
1.527495 1.722321
1.527278 1.722982
1.527069 1.723580
1.526860 1.724196
1.526644 1.724805
1.526440 1.725419
1.526230 1.726044
1.526094 1.726493
1.525882 1.727140
1.525659 1.727773
1.525457 1.728395
1.525238 1.729019
1.525023 1.729654
1.524822 1.730265
1.524615 1.730891
1.524395 1.731488
1.524194 1.732093
1.523977 1.732696
1.523794 1.733286
1.523590 1.733902
1.523378 1.734525
1.523237 1.734988
1.523010 1.735618
1.522791 1.736263
1.522590 1.736869
1.522375 1.737499
1.522158 1.738139
1.521957 1.738754
1.521750 1.739381
1.521538 1.739985
1.521329 1.740566
1.521120 1.741178
1.520909 1.741804
1.520721 1.742381
1.520515 1.743001
1.520332 1.743615
1.520124 1.744221
1.519904 1.744817
1.519694 1.745427
1.519492 1.746035
1.519283 1.746652
1.519155 1.747080
1.518925 1.747713
1.518704 1.748359
1.518481 1.749022
1.518265 1.749667
1.518042 1.750325
1.517896 1.750791
1.517688 1.751426
1.517461 1.752047
1.517249 1.752671
1.517037 1.753280
1.516826 1.753905
1.516637 1.754509
1.516431 1.755125
1.516221 1.755759
1.516068 1.756176
1.515855 1.756815
1.515628 1.757455
1.515438 1.758067
1.515225 1.758699
1.515007 1.759344
1.514784 1.760013
1.514644 1.760407
1.514422 1.761058
1.514196 1.761694
1.513990 1.762322
1.513773 1.762965
1.513553 1.763622
1.513356 1.764234
1.513138 1.764834
1.512931 1.765449
1.512727 1.766046
1.512523 1.766658
1.512313 1.767281
1.512168 1.767745
1.511956 1.768386
1.511740 1.769042
1.511541 1.769648
1.511318 1.770261
1.511107 1.770880
1.510893 1.771511
1.510693 1.772118
1.510485 1.772732
1.510297 1.773355
1.510090 1.773951
1.509878 1.774527
1.509668 1.775139
1.509474 1.775740
1.509265 1.776352
1.509055 1.776974
1.508895 1.777481
1.508672 1.778103
1.508458 1.778740
1.508243 1.779359
1.508041 1.779972
1.507830 1.780593
1.507617 1.781225
1.507420 1.781825
1.507202 1.782421
1.506995 1.783031
1.506800 1.783636
1.506596 1.784245
1.506386 1.784863
1.506246 1.785306
1.506031 1.785949
1.505812 1.786616
1.505591 1.787234
1.505390 1.787852
1.505177 1.788469
1.504963 1.789095
1.504761 1.789701
1.504554 1.790315
1.504346 1.790937
1.504219 1.791272
1.504001 1.791922
1.503776 1.792595
1.503546 1.793272
1.503341 1.793892
1.503128 1.794525
1.502913 1.795169
1.502691 1.795836
1.502566 1.796190
1.502348 1.796835
1.502127 1.797470
1.501919 1.798099
1.501703 1.798744
1.501482 1.799403
1.501257 1.800071
1.501079 1.800631
1.500867 1.801230
1.500662 1.801844
1.500459 1.802445
1.500254 1.803055
1.500045 1.803673
1.499831 1.804301
1.499679 1.804768
1.499471 1.805407
1.499253 1.806021
1.499040 1.806621
1.498832 1.807239
1.498620 1.807872
1.498403 1.808517
1.498181 1.809174
1.497976 1.809796
1.497771 1.810423
1.497645 1.810808
1.497423 1.811421
1.497211 1.812050
1.496995 1.812696
1.496772 1.813354
1.496572 1.813962
1.496364 1.814577
1.496159 1.815204
1.496004 1.815667
1.495789 1.816291
1.495577 1.816918
1.495360 1.817558
1.495138 1.818209
1.494934 1.818820
1.494725 1.819440
1.494576 1.819913
1.494361 1.820539
1.494146 1.821158
1.493935 1.821781
1.493719 1.822419
1.493516 1.823034
1.493308 1.823646
1.493098 1.824269
1.492897 1.824888
1.492689 1.825490
1.492485 1.826101
1.492278 1.826705
1.492069 1.827317
1.491909 1.827798
1.491696 1.828428
1.491477 1.829072
1.491271 1.829698
1.491063 1.830334
1.490856 1.830942
1.490648 1.831546
1.490439 1.832158
1.490236 1.832765
1.490027 1.833380
1.489814 1.834002
1.489617 1.834593
1.489415 1.835213
1.489209 1.835809
1.489001 1.836402
1.488794 1.837011
1.488594 1.837615
1.488387 1.838225
1.488176 1.838844
1.487982 1.839428
1.487778 1.840044
1.487574 1.840670
1.487368 1.841271
1.487161 1.841870
1.486960 1.842478
1.486755 1.843083
1.486546 1.843694
1.486360 1.844248
1.486152 1.844864
1.485942 1.845499
1.485732 1.846142
1.485596 1.846512
1.485374 1.847155
1.485161 1.847795
1.484938 1.848450
1.484731 1.849073
1.484516 1.849707
1.484298 1.850356
1.484079 1.851023
1.483941 1.851417
1.483724 1.852053
1.483515 1.852681
1.483299 1.853314
1.483095 1.853934
1.482886 1.854553
1.482673 1.855181
1.482457 1.855821
1.482240 1.856479
1.482195 1.856932
1.482302 1.856936
1.482455 1.856804
1.482645 1.856593
1.482734 1.856646
1.482816 1.856700
1.482895 1.856758
1.482968 1.856823
1.483037 1.856894
1.483023 1.856925
1.482717 1.857613
1.482485 1.858360
1.482728 1.858037
1.482804 1.858085
1.482873 1.858145
1.482927 1.858238
1.482972 1.858354
1.483014 1.858471
1.483056 1.858585
1.483206 1.858488
1.483378 1.858383
1.483055 1.858932
1.482908 1.859386
1.482984 1.859440
1.483067 1.859477
1.483154 1.859519
1.483242 1.859557
1.483331 1.859592
1.483421 1.859624
1.483430 1.859608
1.482893 1.860422
1.482425 1.861162
1.482107 1.861686
1.481971 1.861871
1.482019 1.861974
1.482070 1.862072
1.482126 1.862162
1.482181 1.862251
1.482225 1.862350
1.482258 1.862456
1.482215 1.862513
1.481785 1.863118
1.481336 1.863728
1.480872 1.864360
1.480461 1.865067
1.480791 1.864798
1.481132 1.864351
1.480832 1.864894
1.480694 1.865427
1.480533 1.865953
1.480627 1.865974
1.480697 1.865897
1.480592 1.866315
1.480420 1.866669
1.480551 1.866691
1.480692 1.866701
1.480853 1.866690
1.481023 1.866666
1.481366 1.866496
1.481421 1.866608
1.481477 1.866727
1.481537 1.866844
1.481601 1.866960
1.481529 1.867190
1.481363 1.867324
1.481228 1.867592
1.480973 1.867954
1.481080 1.868019
1.481171 1.868064
1.481264 1.868113
1.481360 1.868156
1.481479 1.868202
1.481610 1.868212
1.481750 1.868240
1.481798 1.868333
1.481855 1.868417
1.481897 1.868487
1.481878 1.868627
1.481786 1.868812
1.481838 1.868908
1.481873 1.868995
1.481904 1.869085
1.481942 1.869201
1.482000 1.869295
1.482062 1.869389
1.482128 1.869477
1.482201 1.869566
1.482280 1.869657
1.482388 1.869736
1.482496 1.869799
1.482776 1.869761
1.482797 1.869868
1.482819 1.869969
1.482840 1.870072
1.482861 1.870178
1.482712 1.870354
1.482445 1.870565
1.482483 1.870669
1.482518 1.870777
1.482566 1.870885
1.482606 1.870997
1.482668 1.871098
1.482742 1.871198
1.482826 1.871297
1.482935 1.871391
1.483368 1.871281
1.482897 1.871504
1.482422 1.871736
1.481929 1.871953
1.482022 1.872045
1.482329 1.871987
1.481252 1.872210
1.480166 1.872415
1.479599 1.872529
1.479056 1.872639
1.478528 1.872744
1.478305 1.872766
1.477672 1.872876
1.477056 1.873009
1.476422 1.873129
1.475777 1.873251
1.475125 1.873379
1.474466 1.873513
1.473799 1.873645
1.473391 1.873707
1.472727 1.873817
1.472085 1.873946
1.471456 1.874086
1.470814 1.874211
1.470157 1.874339
1.469485 1.874473
1.468803 1.874608
1.468365 1.874674
1.467727 1.874791
1.467070 1.874915
1.466429 1.875046
1.465774 1.875173
1.465109 1.875304
1.464434 1.875440
1.463751 1.875576
1.463501 1.875617
1.462817 1.875732
1.462154 1.875872
1.461478 1.876002
1.460783 1.876136
1.460074 1.876273
1.459356 1.876418
1.458868 1.876528
1.458225 1.876632
1.457584 1.876742
1.456950 1.876867
1.456309 1.876992
1.455656 1.877118
1.454981 1.877252
1.454560 1.877351
1.453897 1.877484
1.453242 1.877591
1.452601 1.877706
1.451950 1.877833
1.451289 1.877960
1.450619 1.878090
1.450206 1.878188
1.449535 1.878324
1.448842 1.878458
1.448203 1.878559
1.447559 1.878677
1.446906 1.878802
1.446245 1.878929
1.445633 1.879065
1.444986 1.879196
1.444325 1.879325
1.443994 1.879375
1.443313 1.879498
1.442638 1.879623
1.441948 1.879755
1.441311 1.879896
1.440661 1.880022
1.439997 1.880154
1.439350 1.880285
1.438716 1.880389
1.438087 1.880495
1.437451 1.880617
1.436842 1.880749
1.436205 1.880873
1.435549 1.881004
1.434936 1.881130
1.434292 1.881256
1.433683 1.881348
1.433050 1.881463
1.432433 1.881594
1.431798 1.881715
1.431155 1.881840
1.430536 1.881969
1.429892 1.882097
1.429279 1.882195
1.428642 1.882313
1.428026 1.882438
1.427391 1.882559
1.426776 1.882692
1.426131 1.882822
1.425475 1.882951
1.424808 1.883082
1.424465 1.883124
1.423808 1.883246
1.423137 1.883374
1.422488 1.883511
1.421820 1.883640
1.421139 1.883777
1.420445 1.883915
1.420293 1.883940
1.419588 1.884073
1.418881 1.884200
1.418201 1.884339
1.417493 1.884475
1.416756 1.884621
1.416006 1.884770
1.415473 1.884888
1.414836 1.884996
1.414198 1.885105
1.413570 1.885230
1.412929 1.885352
1.412273 1.885480
1.411597 1.885612
1.411070 1.885725
1.410438 1.885826
1.409817 1.885956
1.409183 1.886074
1.408539 1.886197
1.407886 1.886323
1.407225 1.886451
1.406627 1.886575
1.406024 1.886668
1.405405 1.886790
1.404770 1.886906
1.404137 1.887029
1.403488 1.887156
1.403034 1.887260
1.402363 1.887395
1.401674 1.887532
1.401041 1.887643
1.400399 1.887752
1.399760 1.887875
1.399111 1.887996
1.398479 1.888128
1.397839 1.888259
1.397206 1.888397
1.396600 1.888494
1.395966 1.888614
1.395332 1.888731
1.394724 1.888863
1.394089 1.888986
1.393443 1.889115
1.392803 1.889247
1.392438 1.889298
1.391759 1.889421
1.391080 1.889539
1.390428 1.889674
1.389766 1.889803
1.389116 1.889951
1.388462 1.890081
1.387793 1.890212
1.387167 1.890319
1.386560 1.890436
1.385927 1.890556
1.385281 1.890680
1.384748 1.890792
1.384088 1.890922
1.383411 1.891055
1.382756 1.891160
1.382138 1.891270
1.381506 1.891390
1.380897 1.891523
1.380257 1.891651
1.379605 1.891781
1.378932 1.891911
1.378685 1.891954
1.377996 1.892083
1.377312 1.892209
1.376644 1.892344
1.375945 1.892480
1.375232 1.892622
1.374508 1.892760
1.374090 1.892829
1.373435 1.892951
1.372802 1.893079
1.372152 1.893205
1.371482 1.893336
1.370800 1.893467
1.370297 1.893578
1.369647 1.893680
1.369021 1.893814
1.368382 1.893931
1.367732 1.894056
1.367056 1.894185
1.366637 1.894285
1.365957 1.894422
1.365295 1.894522
1.364655 1.894647
1.363999 1.894774
1.363332 1.894903
1.362654 1.895028
1.362029 1.895161
1.361383 1.895290
1.360793 1.895393
1.360160 1.895509
1.359523 1.895633
1.358877 1.895752
1.358266 1.895883
1.357623 1.896012
1.356968 1.896143
1.356696 1.896182
1.356002 1.896304
1.355282 1.896442
1.354629 1.896586
1.353969 1.896716
1.353291 1.896851
1.352643 1.896988
1.351972 1.897118
1.351344 1.897225
1.350711 1.897326
1.350087 1.897452
1.349454 1.897575
1.348839 1.897714
1.348194 1.897842
1.347587 1.897932
1.346941 1.898043
1.346324 1.898173
1.345691 1.898296
1.345030 1.898422
1.344431 1.898548
1.343786 1.898678
1.343132 1.898803
1.342844 1.898858
1.342160 1.898974
1.341480 1.899104
1.340814 1.899244
1.340128 1.899381
1.339418 1.899519
1.338817 1.899626
1.338185 1.899742
1.337541 1.899867
1.336913 1.899998
1.336259 1.900125
1.335584 1.900257
1.334901 1.900387
1.334613 1.900430
1.333937 1.900552
1.333276 1.900696
1.332616 1.900823
1.331921 1.900959
1.331212 1.901095
1.330660 1.901214
1.330016 1.901311
1.329394 1.901440
1.328756 1.901567
1.328112 1.901690
1.327447 1.901816
1.326979 1.901922
1.326310 1.902054
1.325652 1.902151
1.325017 1.902273
1.324371 1.902401
1.323717 1.902522
1.323076 1.902668
1.322430 1.902799
1.321767 1.902925
1.321516 1.902962
1.320819 1.903086
1.320123 1.903202
1.319457 1.903351
1.318786 1.903491
1.318083 1.903629
1.317438 1.903768
1.316801 1.903866
1.316153 1.903980
1.315555 1.904106
1.314921 1.904233
1.314263 1.904363
1.313813 1.904464
1.313134 1.904598
1.312470 1.904697
1.311808 1.904815
1.311177 1.904937
1.310526 1.905063
1.309882 1.905211
1.309235 1.905342
1.308577 1.905465
1.308174 1.905523
1.307520 1.905656
1.306854 1.905776
1.306201 1.905923
1.305540 1.906057
1.304865 1.906184
1.304179 1.906313
1.303901 1.906361
1.303211 1.906490
1.302516 1.906610
1.301839 1.906751
1.301129 1.906890
1.300407 1.907029
1.299858 1.907150
1.299221 1.907258
1.298572 1.907359
1.297947 1.907485
1.297296 1.907616
1.296637 1.907745
1.296154 1.907855
1.295489 1.907989
1.294832 1.908098
1.294204 1.908211
1.293551 1.908333
1.292889 1.908464
1.292254 1.908606
1.291616 1.908735
1.291018 1.908822
1.290397 1.908945
1.289754 1.909056
1.289105 1.909180
1.288497 1.909320
1.287862 1.909449
1.287216 1.909573
1.286619 1.909677
1.285980 1.909796
1.285337 1.909908
1.284730 1.910043
1.284096 1.910173
1.283451 1.910297
1.282816 1.910431
1.282212 1.910529
1.281567 1.910646
1.280962 1.910773
1.280328 1.910897
1.279677 1.911023
1.279132 1.911140
1.278478 1.911269
1.277830 1.911373
1.277225 1.911488
1.276587 1.911610
1.275912 1.911740
1.275350 1.911862
1.274698 1.911992
1.274034 1.912118
1.273424 1.912239
1.272800 1.912344
1.272161 1.912463
1.271539 1.912594
1.270896 1.912723
1.270244 1.912847
1.270139 1.912864
1.269415 1.912996
1.268655 1.913143
1.267970 1.913285
1.267256 1.913425
1.266524 1.913564
1.265884 1.913706
1.265266 1.913804
1.264632 1.913920
1.264017 1.914039
1.263376 1.914165
1.262717 1.914291
1.262293 1.914391
1.261616 1.914527
1.260959 1.914631
1.260316 1.914762
1.259665 1.914878
1.258989 1.915005
1.258303 1.915137
1.257666 1.915270
1.257025 1.915399
1.256800 1.915438
1.256104 1.915569
1.255409 1.915692
1.254691 1.915826
1.254026 1.915968
1.253348 1.916104
1.252700 1.916246
1.252069 1.916350
1.251431 1.916452
1.250787 1.916568
1.250165 1.916699
1.249529 1.916829
1.249109 1.916928
1.248424 1.917065
1.247762 1.917175
1.247093 1.917296
1.246459 1.917424
1.245810 1.917549
1.245151 1.917681
1.244508 1.917813
1.243863 1.917941
1.243241 1.918040
1.242636 1.918155
1.242003 1.918274
1.241355 1.918400
1.240790 1.918521
1.240138 1.918651
1.239461 1.918782
1.238857 1.918901
1.238244 1.919004
1.237609 1.919123
1.236986 1.919252
1.236340 1.919382
1.235683 1.919512
1.235017 1.919637
1.234603 1.919712
1.233947 1.919821
1.233304 1.919957
1.232650 1.920084
1.231983 1.920218
1.231304 1.920348
1.230667 1.920483
1.230052 1.920588
1.229453 1.920705
1.228822 1.920825
1.228184 1.920947
1.227518 1.921076
1.227050 1.921182
1.226383 1.921314
1.225729 1.921423
1.225101 1.921535
1.224455 1.921656
1.223794 1.921784
1.223111 1.921915
1.222496 1.922045
1.221874 1.922170
1.221270 1.922284
1.220649 1.922385
1.220013 1.922505
1.219356 1.922630
1.218847 1.922741
1.218185 1.922873
1.217538 1.923021
1.216903 1.923128
1.216261 1.923247
1.215619 1.923364
1.214963 1.923484
1.214351 1.923606
1.213708 1.923737
1.213072 1.923874
1.212471 1.923970
1.211837 1.924088
1.211196 1.924201
1.210583 1.924330
1.209949 1.924453
1.209340 1.924594
1.208696 1.924724
1.208079 1.924818
1.207594 1.924906
1.206919 1.925031
1.206269 1.925162
1.205601 1.925291
1.204956 1.925431
1.204301 1.925562
1.203642 1.925692
1.203025 1.925793
1.202421 1.925909
1.201789 1.926028
1.201146 1.926152
1.200567 1.926270
1.199916 1.926400
1.199257 1.926531
1.198635 1.926627
1.198012 1.926754
1.197380 1.926872
1.196768 1.927003
1.196133 1.927125
1.195489 1.927254
1.194839 1.927383
1.194515 1.927423
1.193841 1.927552
1.193165 1.927673
1.192502 1.927815
1.191818 1.927947
1.191105 1.928088
1.190376 1.928233
1.189843 1.928352
1.189218 1.928458
1.188591 1.928563
1.187965 1.928688
1.187326 1.928811
1.186677 1.928937
1.186005 1.929069
1.185494 1.929183
1.184856 1.929284
1.184231 1.929419
1.183599 1.929538
1.182954 1.929660
1.182299 1.929785
1.181614 1.929916
1.181060 1.930035
1.180414 1.930163
1.179806 1.930281
1.179182 1.930388
1.178544 1.930507
1.177897 1.930630
1.177240 1.930751
1.176692 1.930870
1.176040 1.931000
1.175432 1.931110
1.174796 1.931229
1.174158 1.931346
1.173507 1.931471
1.172840 1.931594
1.172257 1.931716
1.171612 1.931847
1.170975 1.931985
1.170363 1.932087
1.169742 1.932191
1.169106 1.932313
1.168457 1.932433
1.167837 1.932562
1.167204 1.932691
1.166589 1.932826
1.165947 1.932954
1.165338 1.933045
1.164705 1.933159
1.164059 1.933279
1.163441 1.933406
1.162808 1.933531
1.162193 1.933667
1.161551 1.933796
1.160939 1.933892
1.160306 1.934010
1.159664 1.934126
1.159048 1.934255
1.158414 1.934378
1.157802 1.934510
1.157158 1.934641
1.156507 1.934770
1.156132 1.934826
1.155453 1.934951
1.154798 1.935087
1.154127 1.935214
1.153441 1.935343
1.152751 1.935482
1.152048 1.935623
1.151343 1.935763
1.150860 1.935839
1.150782 1.935854
1.150054 1.935996
1.149290 1.936141
1.148592 1.936281
1.147860 1.936425
1.147114 1.936573
1.146359 1.936723
1.146077 1.936779
1.145415 1.936896
1.144744 1.937022
1.144087 1.937153
1.143416 1.937281
1.142719 1.937417
1.142013 1.937557
1.141300 1.937693
1.141056 1.937726
1.140381 1.937844
1.139720 1.937985
1.139037 1.938117
1.138338 1.938252
1.137616 1.938395
1.136878 1.938541
1.136341 1.938660
1.136050 1.938705
1.135373 1.938821
1.134705 1.938953
1.134016 1.939086
1.133311 1.939219
1.132582 1.939363
1.131849 1.939504
1.131192 1.939724
1.130927 1.939765
1.130952 1.939850
1.131134 1.939816
1.130724 1.939982
1.130279 1.940055
1.129856 1.940216
1.129445 1.940365
1.129545 1.940436
1.129867 1.940398
1.129391 1.940553
1.128913 1.940704
1.129023 1.940884
1.129169 1.940975
1.129462 1.940957
1.128984 1.941104
1.128790 1.941226
1.128733 1.941339
1.128496 1.941479
1.128532 1.941604
1.128567 1.941725
1.128611 1.941841
1.128650 1.941962
1.128692 1.942085
1.128736 1.942207
1.128785 1.942326
1.128838 1.942442
1.128892 1.942554
1.128970 1.942666
1.129043 1.942776
1.129017 1.942879
1.128971 1.942984
1.128879 1.943101
1.128804 1.943213
1.128740 1.943327
1.128652 1.943424
1.128548 1.943493
1.128542 1.943601
1.128539 1.943694
1.128531 1.943808
1.128522 1.943920
1.128524 1.944032
1.128551 1.944158
1.128600 1.944285
1.128650 1.944406
1.128696 1.944527
1.128655 1.944625
1.128636 1.944731
1.128612 1.944834
1.128585 1.944931
1.128551 1.945028
1.128397 1.945092
1.128136 1.945115
1.128096 1.945219
1.128045 1.945321
1.128006 1.945432
1.127956 1.945542
1.127941 1.945663
1.127940 1.945794
1.127968 1.945935
1.128001 1.946067
1.128301 1.946222
1.127833 1.946131
1.127239 1.945809
1.126780 1.945697
1.126392 1.945620
1.126207 1.945525
1.125981 1.945541
1.125871 1.945482
1.125278 1.945153
1.124685 1.944835
1.124081 1.944505
1.123466 1.944164
1.122924 1.943837
1.122358 1.943509
1.121809 1.943215
1.121247 1.942900
1.120692 1.942604
1.120115 1.942290
1.119531 1.941967
1.118939 1.941639
1.118570 1.941407
1.118003 1.941102
1.117423 1.940778
1.116828 1.940443
1.116237 1.940118
1.115634 1.939787
1.115024 1.939450
1.114722 1.939259
1.114127 1.938907
1.113545 1.938586
1.112966 1.938286
1.112384 1.937966
1.111778 1.937630
1.111159 1.937290
1.110529 1.936943
1.110211 1.936737
1.109638 1.936415
1.109054 1.936085
1.108476 1.935771
1.107889 1.935447
1.107280 1.935112
1.106661 1.934774
1.106040 1.934427
1.105815 1.934290
1.105218 1.933946
1.104632 1.933627
1.104037 1.933296
1.103428 1.932958
1.102796 1.932612
1.102159 1.932257
1.101674 1.932002
1.101130 1.931672
1.100583 1.931373
1.100022 1.931057
1.099455 1.930740
1.098882 1.930423
1.098302 1.930101
1.097893 1.929890
1.097297 1.929563
1.096746 1.929244
1.096173 1.928919
1.095597 1.928593
1.095010 1.928265
1.094417 1.927928
1.093859 1.927640
1.093285 1.927324
1.092712 1.927023
1.092186 1.926707
1.091648 1.926388
1.091082 1.926071
1.090511 1.925745
1.089957 1.925454
1.089380 1.925139
1.088806 1.924839
1.088235 1.924524
1.087707 1.924207
1.087166 1.923891
1.086595 1.923565
1.086042 1.923272
1.085471 1.922957
1.084896 1.922656
1.084325 1.922340
1.083744 1.922016
1.083439 1.921821
1.082839 1.921467
1.082252 1.921154
1.081664 1.920827
1.081078 1.920523
1.080493 1.920200
1.079893 1.919866
1.079344 1.919531
1.078776 1.919200
1.078225 1.918899
1.077661 1.918583
1.077106 1.918290
1.076525 1.917971
1.075935 1.917646
1.075328 1.917308
1.074957 1.917077
1.074399 1.916757
1.073819 1.916432
1.073245 1.916127
1.072654 1.915800
1.072051 1.915471
1.071436 1.915128
1.071099 1.914962
1.070528 1.914628
1.069946 1.914285
1.069366 1.913969
1.068774 1.913639
1.068167 1.913306
1.067554 1.912963
1.067189 1.912780
1.066621 1.912435
1.066036 1.912097
1.065452 1.911779
1.064861 1.911448
1.064259 1.911114
1.063648 1.910774
1.063248 1.910571
1.062650 1.910244
1.062083 1.909901
1.061512 1.909581
1.060938 1.909257
1.060344 1.908926
1.059733 1.908585
1.059289 1.908356
1.058700 1.908032
1.058116 1.907726
1.057560 1.907382
1.056999 1.907056
1.056427 1.906731
1.055852 1.906406
1.055291 1.906113
1.054722 1.905803
1.054149 1.905499
1.053632 1.905182
1.053072 1.904864
1.052505 1.904537
1.051957 1.904255
1.051388 1.903947
1.050808 1.903628
1.050236 1.903319
1.049655 1.902996
1.049278 1.902765
1.048697 1.902416
1.048118 1.902107
1.047538 1.901787
1.046946 1.901465
1.046364 1.901149
1.045771 1.900823
1.045248 1.900496
1.044683 1.900166
1.044127 1.899869
1.043562 1.899557
1.042999 1.899263
1.042425 1.898948
1.041834 1.898623
1.041241 1.898290
1.041131 1.898224
1.040522 1.897866
1.039901 1.897515
1.039288 1.897184
1.038660 1.896842
1.038016 1.896483
1.037361 1.896117
1.036879 1.895866
1.036330 1.895529
1.035782 1.895227
1.035208 1.894909
1.034607 1.894579
1.034000 1.894241
1.033388 1.893900
1.032867 1.893621
1.032611 1.893461
1.032020 1.893133
1.031422 1.892793
1.030809 1.892446
1.030178 1.892098
1.029594 1.891798
1.029015 1.891481
1.028439 1.891180
1.027905 1.890861
1.027361 1.890539
1.026789 1.890212
1.026199 1.889883
1.025736 1.889640
1.025146 1.889315
1.024562 1.889004
1.024014 1.888668
1.023447 1.888337
1.022876 1.888009
1.022325 1.887726
1.021758 1.887421
1.021177 1.887098
1.020643 1.886808
1.020065 1.886488
1.019518 1.886155
1.018960 1.885823
1.018409 1.885528
1.017836 1.885219
1.017418 1.885003
1.016818 1.884673
1.016207 1.884329
1.015648 1.883983
1.015097 1.883689
1.014537 1.883375
1.013956 1.883049
1.013376 1.882740
1.012784 1.882411
1.012186 1.882077
1.011584 1.881741
1.011331 1.881595
1.010745 1.881250
1.010149 1.880933
1.009543 1.880604
1.008929 1.880261
1.008304 1.879912
1.007880 1.879696
1.007323 1.879361
1.006739 1.879019
1.006173 1.878703
1.005585 1.878374
1.004985 1.878043
1.004423 1.877763
1.003848 1.877453
1.003264 1.877128
1.003036 1.876992
1.002436 1.876634
1.001821 1.876282
1.001180 1.875927
1.000575 1.875614
0.999983 1.875290
0.999398 1.874982
0.998859 1.874654
0.998292 1.874322
0.997727 1.873994
0.997179 1.873715
0.996600 1.873403
0.996010 1.873075
0.995477 1.872786
0.994903 1.872465
0.994361 1.872135
0.993805 1.871803
0.993254 1.871510
0.992684 1.871198
0.992243 1.870968
0.991643 1.870639
0.991034 1.870295
0.990479 1.869952
0.989923 1.869656
0.989362 1.869341
0.988790 1.869041
0.988213 1.868725
0.987618 1.868394
0.987019 1.868056
0.986416 1.867717
0.986111 1.867540
0.985534 1.867200
0.984954 1.866884
0.984350 1.866550
0.983736 1.866208
0.983115 1.865862
0.982650 1.865621
0.982103 1.865289
0.981550 1.864987
0.980986 1.864667
0.980395 1.864337
0.979795 1.864004
0.979422 1.863820
0.978813 1.863490
0.978205 1.863154
0.977652 1.862826
0.977089 1.862492
0.976511 1.862162
0.975915 1.861827
0.975452 1.861590
0.974862 1.861265
0.974273 1.860953
0.973689 1.860631
0.973143 1.860292
0.972580 1.859963
0.972028 1.859678
0.971460 1.859368
0.970884 1.859052
0.970310 1.858740
0.969737 1.858424
0.969478 1.858253
0.968867 1.857897
0.968272 1.857577
0.967658 1.857235
0.967063 1.856918
0.966461 1.856588
0.965850 1.856249
0.965233 1.855902
0.965073 1.855813
0.964470 1.855463
0.963848 1.855112
0.963234 1.854775
0.962598 1.854427
0.961940 1.854061
0.961276 1.853689
0.960741 1.853406
0.960538 1.853271
0.959946 1.852940
0.959334 1.852597
0.958699 1.852244
0.958051 1.851883
0.957469 1.851586
0.956892 1.851272
0.956378 1.850954
0.955821 1.850636
0.955373 1.850382
0.954786 1.850054
0.954184 1.849714
0.953595 1.849411
0.953013 1.849093
0.952435 1.848784
0.951905 1.848461
0.951347 1.848141
0.950781 1.847817
0.950201 1.847488
0.949733 1.847239
0.949143 1.846918
0.948557 1.846604
0.947963 1.846278
0.947422 1.845950
0.946858 1.845624
0.946318 1.845344
0.945755 1.845033
0.945187 1.844716
0.944622 1.844410
0.944047 1.844094
0.943469 1.843775
0.942958 1.843457
0.942404 1.843163
0.941845 1.842850
0.941282 1.842545
0.940717 1.842229
0.940141 1.841913
0.939561 1.841593
0.938977 1.841264
0.938881 1.841205
0.938256 1.840847
0.937639 1.840511
0.937007 1.840156
0.936352 1.839788
0.935679 1.839419
0.935002 1.839039
0.934478 1.838765
0.934307 1.838651
0.933708 1.838314
0.933100 1.837970
0.932467 1.837615
0.931816 1.837251
0.931146 1.836877
0.930634 1.836611
0.930062 1.836297
0.929491 1.835988
0.928981 1.835676
0.928428 1.835360
0.927862 1.835043
0.927288 1.834716
0.926883 1.834506
0.926279 1.834178
0.925682 1.833859
0.925081 1.833528
0.924525 1.833195
0.923970 1.832870
0.923394 1.832542
0.922844 1.832255
0.922279 1.831942
0.921699 1.831635
0.921120 1.831317
0.920538 1.830997
0.920292 1.830837
0.919690 1.830485
0.919083 1.830136
0.918489 1.829816
0.917902 1.829504
0.917316 1.829180
0.916716 1.828852
0.916105 1.828516
0.915489 1.828175
0.915193 1.827975
0.914617 1.827659
0.914021 1.827328
0.913401 1.827089
0.913646 1.827326
0.914030 1.827552
0.913511 1.827356
0.912979 1.827147
0.912638 1.826955
0.912263 1.826833
0.911961 1.826651
0.911565 1.826636
0.911576 1.826624
0.911229 1.826537
0.910921 1.826472
0.910849 1.826562
0.910791 1.826656
0.910965 1.826784
0.910549 1.826623
0.909996 1.826237
0.909390 1.825927
0.909611 1.826232
0.909834 1.826543
0.909735 1.826604
0.909642 1.826664
0.909540 1.826713
0.909440 1.826779
0.909338 1.826842
0.909217 1.826904
0.909078 1.826950
0.908904 1.826961
0.908609 1.826843
0.908578 1.826974
0.908544 1.827105
0.908507 1.827239
0.908477 1.827370
0.908466 1.827519
0.908468 1.827677
0.908466 1.827833
0.908375 1.827889
0.908278 1.827938
0.908176 1.827981
0.907906 1.827814
0.907830 1.827893
0.907878 1.828122
0.908024 1.828497
0.907920 1.828523
0.907812 1.828559
0.907703 1.828593
0.907595 1.828627
0.907470 1.828654
0.907334 1.828683
0.907200 1.828695
0.907072 1.828693
0.906944 1.828688
0.906836 1.828671
0.906589 1.828462
0.906516 1.828567
0.906443 1.828656
0.906365 1.828740
0.906340 1.828918
0.906367 1.829215
0.906283 1.829262
0.906186 1.829319
0.906088 1.829378
0.905834 1.828792
0.905478 1.828253
0.905392 1.828344
0.905412 1.828397
0.905157 1.828092
0.905012 1.827738
0.904767 1.827122
0.904520 1.826494
0.904316 1.825885
0.904092 1.825272
0.903858 1.824688
0.903619 1.824112
0.903384 1.823514
0.903137 1.822900
0.902888 1.822278
0.902636 1.821635
0.902385 1.820988
0.902319 1.820781
0.902075 1.820167
0.901823 1.819527
0.901565 1.818866
0.901299 1.818191
0.901023 1.817497
0.900751 1.816796
0.900546 1.816312
0.900503 1.816158
0.900253 1.815497
0.900000 1.814835
0.899735 1.814154
0.899461 1.813455
0.899181 1.812742
0.898980 1.812282
0.898731 1.811660
0.898482 1.811048
0.898274 1.810435
0.898049 1.809829
0.897811 1.809219
0.897576 1.808601
0.897324 1.808023
0.897079 1.807415
0.896833 1.806813
0.896589 1.806194
0.896471 1.805838
0.896242 1.805200
0.895998 1.804553
0.895740 1.803946
0.895492 1.803325
0.895237 1.802710
0.894985 1.802074
0.894730 1.801422
0.894617 1.801071
0.894381 1.800418
0.894127 1.799807
0.893882 1.799184
0.893628 1.798565
0.893373 1.797926
0.893115 1.797272
0.892854 1.796598
0.892752 1.796264
0.892513 1.795659
0.892272 1.795030
0.892024 1.794415
0.891774 1.793780
0.891515 1.793134
0.891259 1.792475
0.891000 1.791810
0.890801 1.791339
0.890590 1.790727
0.890360 1.790136
0.890125 1.789533
0.889886 1.788928
0.889644 1.788313
0.889400 1.787691
0.889206 1.787229
0.888947 1.786628
0.888739 1.786022
0.888510 1.785406
0.888267 1.784777
0.888020 1.784135
0.887765 1.783489
0.887541 1.782948
0.887403 1.782634
0.887142 1.781982
0.886924 1.781337
0.886688 1.780698
0.886445 1.780062
0.886181 1.779453
0.885931 1.778837
0.885678 1.778234
0.885436 1.777616
0.885189 1.776982
0.885080 1.776625
0.884842 1.775970
0.884585 1.775354
0.884333 1.774722
0.884075 1.774097
0.883820 1.773451
0.883558 1.772784
0.883298 1.772110
0.883168 1.771703
0.882934 1.771109
0.882681 1.770511
0.882432 1.769895
0.882182 1.769260
0.881934 1.768615
0.881683 1.767965
0.881674 1.767925
0.881425 1.767259
0.881172 1.766581
0.880907 1.765917
0.880631 1.765233
0.880356 1.764529
0.880076 1.763813
0.879863 1.763317
0.879657 1.762719
0.879428 1.762133
0.879196 1.761528
0.878960 1.760915
0.878714 1.760295
0.878467 1.759668
0.878266 1.759195
0.878004 1.758590
0.877794 1.757987
0.877565 1.757374
0.877334 1.756753
0.877088 1.756120
0.876931 1.755777
0.876668 1.755132
0.876402 1.754452
0.876143 1.753805
0.875931 1.753190
0.875702 1.752571
0.875468 1.751957
0.875217 1.751372
0.874973 1.750767
0.874724 1.750168
0.874482 1.749551
0.874243 1.748926
0.874161 1.748635
0.873924 1.747974
0.873664 1.747348
0.873402 1.746704
0.873144 1.746081
0.872888 1.745433
0.872632 1.744773
0.872374 1.744108
0.872346 1.744016
0.872097 1.743359
0.871837 1.742682
0.871564 1.742019
0.871292 1.741324
0.871015 1.740615
0.870736 1.739899
0.870675 1.739724
0.870433 1.739077
0.870183 1.738452
0.869928 1.737809
0.869669 1.737148
0.869404 1.736473
0.869142 1.735876
0.868897 1.735270
0.868701 1.734692
0.868473 1.734103
0.868243 1.733493
0.867999 1.732866
0.867750 1.732232
0.867570 1.731824
0.867317 1.731194
0.867058 1.730578
0.866844 1.729974
0.866627 1.729350
0.866391 1.728727
0.866142 1.728096
0.865939 1.727623
0.865687 1.726993
0.865432 1.726378
0.865189 1.725762
0.864987 1.725146
0.864763 1.724531
0.864517 1.723968
0.864267 1.723359
0.864024 1.722746
0.863805 1.722207
0.863563 1.721590
0.863358 1.720974
0.863132 1.720359
0.862895 1.719789
0.862655 1.719190
0.862406 1.718607
0.862162 1.717996
0.861915 1.717360
0.861669 1.716717
0.861556 1.716368
0.861325 1.715763
0.861081 1.715133
0.860823 1.714514
0.860569 1.713878
0.860313 1.713221
0.860054 1.712555
0.859884 1.712172
0.859660 1.711561
0.859434 1.710935
0.859190 1.710324
0.858941 1.709689
0.858688 1.709042
0.858432 1.708387
0.858249 1.707968
0.857995 1.707335
0.857787 1.706720
0.857558 1.706117
0.857316 1.705496
0.857065 1.704853
0.856809 1.704203
0.856612 1.703748
0.856362 1.703124
0.856107 1.702516
0.855900 1.701915
0.855673 1.701311
0.855439 1.700694
0.855192 1.700062
0.854991 1.699591
0.854742 1.698968
0.854486 1.698351
0.854276 1.697748
0.854048 1.697140
0.853817 1.696523
0.853572 1.695889
0.853358 1.695383
0.853110 1.694766
0.852858 1.694158
0.852615 1.693544
0.852409 1.692947
0.852194 1.692336
0.851953 1.691781
0.851713 1.691186
0.851468 1.690574
0.851220 1.689968
0.850980 1.689360
0.850735 1.688734
0.850617 1.688370
0.850388 1.687721
0.850140 1.687108
0.849886 1.686465
0.849629 1.685847
0.849376 1.685214
0.849119 1.684564
0.848865 1.683906
0.848801 1.683749
0.848558 1.683103
0.848305 1.682443
0.848049 1.681808
0.847789 1.681154
0.847524 1.680486
0.847260 1.679804
0.847080 1.679391
0.846855 1.678776
0.846626 1.678149
0.846383 1.677536
0.846139 1.676909
0.845886 1.676274
0.845635 1.675628
0.845470 1.675257
0.845212 1.674617
0.844988 1.673988
0.844758 1.673380
0.844517 1.672756
0.844270 1.672119
0.844018 1.671472
0.843763 1.670818
0.843534 1.670263
0.843311 1.669702
0.843102 1.669112
0.842877 1.668512
0.842636 1.667897
0.842394 1.667267
0.842242 1.666941
0.841976 1.666298
0.841715 1.665639
0.841460 1.665014
0.841242 1.664397
0.841016 1.663783
0.840776 1.663153
0.840532 1.662509
0.840324 1.662019
0.840076 1.661399
0.839822 1.660789
0.839576 1.660167
0.839377 1.659574
0.839223 1.659148
0.838974 1.658497
0.838717 1.657888
0.838469 1.657266
0.838215 1.656632
0.837962 1.656003
0.837710 1.655368
0.837582 1.654994
0.837350 1.654343
0.837091 1.653736
0.836847 1.653117
0.836597 1.652479
0.836345 1.651861
0.836097 1.651234
0.835847 1.650602
0.835737 1.650257
0.835506 1.649602
0.835174 1.649084
0.835018 1.648703
0.834876 1.648333
0.834615 1.647981
0.834515 1.648038
0.834423 1.648109
0.834343 1.648206
0.834265 1.648306
0.834185 1.648403
0.834012 1.648255
0.833898 1.648292
0.833815 1.648465
0.833764 1.648776
0.833636 1.648785
0.833504 1.648792
0.833373 1.648797
0.833252 1.648783
0.833129 1.648733
0.833007 1.648673
0.832890 1.648630
0.832776 1.648585
0.832663 1.648543
0.832560 1.648566
0.832457 1.648595
0.832364 1.648607
0.832250 1.648618
0.832138 1.648629
0.832029 1.648639
0.831947 1.648906
0.831848 1.648921
0.831746 1.648928
0.831664 1.648925
0.831581 1.648919
0.831471 1.648923
0.831351 1.648927
0.831227 1.648919
0.831113 1.648876
0.830997 1.648804
0.830896 1.648483
0.830778 1.648502
0.830663 1.648518
0.830556 1.648528
0.830448 1.648534
0.830335 1.648532
0.830216 1.648671
0.830066 1.649023
0.829974 1.648974
0.829870 1.648933
0.829764 1.648897
0.829653 1.648869
0.829540 1.648826
0.829424 1.648789
0.829323 1.648734
0.829449 1.648106
0.829587 1.647471
0.829714 1.646834
0.829855 1.646195
0.830013 1.645617
0.830164 1.644992
0.830308 1.644364
0.830458 1.643725
0.830588 1.643110
0.830728 1.642481
0.830856 1.641858
0.830994 1.641218
0.831137 1.640568
0.831235 1.640231
0.831402 1.639556
0.831530 1.638901
0.831677 1.638245
0.831829 1.637572
0.831968 1.636916
0.832114 1.636244
0.832266 1.635562
0.832376 1.635151
0.832547 1.634490
0.832684 1.633848
0.832830 1.633199
0.832965 1.632561
0.833107 1.631901
0.833253 1.631230
0.833402 1.630550
0.833510 1.630178
0.833648 1.629540
0.833799 1.628884
0.833929 1.628242
0.834075 1.627594
0.834227 1.626917
0.834379 1.626225
0.834539 1.625514
0.834566 1.625425
0.834731 1.624735
0.834898 1.624040
0.835045 1.623361
0.835202 1.622663
0.835362 1.621941
0.835522 1.621207
0.835689 1.620468
0.835812 1.619874
0.835900 1.619571
0.836044 1.618929
0.836191 1.618270
0.836345 1.617596
0.836500 1.616903
0.836658 1.616200
0.836753 1.615707
0.836896 1.615056
0.837045 1.614458
0.837196 1.613826
0.837342 1.613183
0.837490 1.612531
0.837645 1.611857
0.837719 1.611441
0.837863 1.610772
0.838017 1.610084
0.838172 1.609457
0.838328 1.608827
0.838473 1.608185
0.838627 1.607518
0.838739 1.606920
0.838876 1.606278
0.839022 1.605623
0.839133 1.605103
0.839297 1.604468
0.839454 1.603837
0.839604 1.603184
0.839759 1.602518
0.839887 1.601901
0.840024 1.601269
0.840152 1.600634
0.840296 1.599989
0.840388 1.599683
0.840553 1.599013
0.840713 1.598331
0.840847 1.597673
0.840998 1.596990
0.841125 1.596338
0.841268 1.595689
0.841416 1.595025
0.841579 1.594426
0.841738 1.593791
0.841864 1.593178
0.842005 1.592547
0.842122 1.591935
0.842262 1.591292
0.842408 1.590637
0.842557 1.589970
0.842661 1.589630
0.842804 1.588987
0.842953 1.588324
0.843106 1.587643
0.843245 1.586986
0.843393 1.586316
0.843543 1.585632
0.843648 1.585277
0.843790 1.584631
0.843946 1.583971
0.844097 1.583301
0.844238 1.582649
0.844381 1.581984
0.844528 1.581307
0.844684 1.580622
0.844731 1.580442
0.844894 1.579751
0.845057 1.579064
0.845203 1.578391
0.845356 1.577705
0.845507 1.577001
0.845668 1.576287
0.845762 1.575794
0.845926 1.575160
0.846076 1.574515
0.846218 1.573881
0.846362 1.573238
0.846509 1.572572
0.846661 1.571897
0.846748 1.571438
0.846893 1.570777
0.847057 1.570139
0.847210 1.569512
0.847356 1.568872
0.847501 1.568221
0.847649 1.567555
0.847768 1.566941
0.847908 1.566303
0.848052 1.565651
0.848127 1.565400
0.848296 1.564716
0.848456 1.564021
0.848619 1.563313
0.848745 1.562650
0.848889 1.561986
0.849038 1.561308
0.849192 1.560716
0.849338 1.560088
0.849488 1.559457
0.849635 1.558819
0.849757 1.558205
0.849893 1.557571
0.850014 1.556936
0.850154 1.556301
0.850310 1.555710
0.850460 1.555086
0.850613 1.554450
0.850742 1.553835
0.850878 1.553202
0.851001 1.552566
0.851141 1.551931
0.851288 1.551281
0.851414 1.550815
0.851582 1.550165
0.851720 1.549524
0.851863 1.548881
0.851988 1.548236
0.852129 1.547590
0.852277 1.546929
0.852379 1.546585
0.852548 1.545905
0.852695 1.545258
0.852840 1.544598
0.852970 1.543939
0.853113 1.543276
0.853262 1.542598
0.853419 1.541913
0.853461 1.541743
0.853620 1.541051
0.853784 1.540360
0.853925 1.539678
0.854081 1.538977
0.854244 1.538248
0.854413 1.537510
0.854456 1.537357
0.854623 1.536673
0.854779 1.535978
0.854923 1.535305
0.855079 1.534609
0.855240 1.533887
0.855406 1.533155
0.855511 1.532618
0.855674 1.532000
0.855825 1.531366
0.855965 1.530747
0.856104 1.530116
0.856247 1.529473
0.856392 1.528822
0.856489 1.528329
0.856634 1.527672
0.856773 1.527065
0.856931 1.526436
0.857078 1.525795
0.857229 1.525135
0.857378 1.524464
0.857493 1.523901
0.857634 1.523252
0.857781 1.522654
0.857930 1.522025
0.858077 1.521387
0.858226 1.520747
0.858339 1.520125
0.858476 1.519486
0.858624 1.518827
0.858727 1.518330
0.858894 1.517696
0.859051 1.517046
0.859206 1.516402
0.859330 1.515765
0.859468 1.515123
0.859616 1.514475
0.859730 1.513931
0.859901 1.513303
0.860060 1.512661
0.860207 1.512016
0.860335 1.511398
0.860469 1.510758
0.860587 1.510129
0.860725 1.509492
0.860876 1.508835
0.860985 1.508455
0.861147 1.507782
0.861291 1.507135
0.861443 1.506455
0.861570 1.505799
0.861712 1.505150
0.861863 1.504493
0.862016 1.503828
0.862065 1.503605
0.862231 1.502930
0.862396 1.502231
0.862532 1.501544
0.862689 1.500836
0.862854 1.500116
0.863020 1.499389
0.863086 1.499125
0.863240 1.498460
0.863407 1.497786
0.863545 1.497121
0.863697 1.496430
0.863855 1.495730
0.863923 1.495335
0.864065 1.494659
0.864234 1.494010
0.864404 1.493361
0.864546 1.492717
0.864692 1.492060
0.864841 1.491392
0.864963 1.490752
0.865088 1.490167
0.865257 1.489539
0.865391 1.488919
0.865539 1.488291
0.865688 1.487640
0.865835 1.486980
0.865934 1.486476
0.866076 1.485822
0.866216 1.485228
0.866364 1.484601
0.866514 1.483954
0.866667 1.483306
0.866786 1.482664
0.866923 1.482024
0.867071 1.481369
0.867168 1.480894
0.867330 1.480262
0.867490 1.479609
0.867648 1.478961
0.867775 1.478321
0.867915 1.477676
0.868066 1.477013
0.868185 1.476447
0.868352 1.475826
0.868509 1.475186
0.868665 1.474551
0.868791 1.473930
0.868928 1.473291
0.869043 1.472683
0.869183 1.472040
0.869334 1.471378
0.869452 1.470946
0.869589 1.470331
0.869735 1.469680
0.869887 1.469004
0.870020 1.468347
0.870163 1.467696
0.870315 1.467037
0.870479 1.466438
0.870610 1.465824
0.870758 1.465199
0.870876 1.464585
0.871014 1.463941
0.871161 1.463282
0.871315 1.462617
0.871389 1.462213
0.871546 1.461575
0.871710 1.460930
0.871846 1.460285
0.871995 1.459626
0.872149 1.458943
0.872307 1.458251
0.872407 1.457743
0.872569 1.457119
0.872718 1.456483
0.872859 1.455859
0.873002 1.455219
0.873148 1.454569
0.873265 1.453932
0.873401 1.453295
0.873543 1.452661
0.873700 1.452062
0.873849 1.451461
0.873994 1.450830
0.874145 1.450180
0.874223 1.449749
0.874368 1.449075
0.874518 1.448395
0.874673 1.447771
0.874822 1.447131
0.874979 1.446486
0.875132 1.445824
0.875255 1.445203
0.875394 1.444565
0.875519 1.443930
0.875676 1.443352
0.875826 1.442735
0.875974 1.442093
0.876093 1.441485
0.876233 1.440852
0.876373 1.440209
0.876506 1.439571
0.876648 1.438935
0.876805 1.438346
0.876956 1.437720
0.877085 1.437106
0.877227 1.436476
0.877368 1.435832
0.877498 1.435222
0.877639 1.434580
0.877807 1.433984
0.877927 1.433381
0.878064 1.432747
0.878211 1.432112
0.878311 1.431637
0.878458 1.430966
0.878608 1.430286
0.878768 1.429595
0.878906 1.428998
0.879050 1.428370
0.879198 1.427744
0.879336 1.427114
0.879480 1.426464
0.879630 1.425794
0.879784 1.425119
0.879825 1.424973
0.879993 1.424287
0.880129 1.423602
0.880282 1.422931
0.880439 1.422243
0.880600 1.421526
0.880765 1.420799
0.880903 1.420140
0.880998 1.419785
0.881141 1.419136
0.881294 1.418483
0.881446 1.417811
0.881607 1.417118
0.881728 1.416489
0.881867 1.415850
0.881992 1.415215
0.882144 1.414615
0.882295 1.414009
0.882442 1.413381
0.882592 1.412745
0.882717 1.412123
0.882857 1.411483
0.882987 1.410846
0.883144 1.410260
0.883291 1.409641
0.883442 1.409008
0.883559 1.408403
0.883699 1.407771
0.883840 1.407127
0.883975 1.406488
0.884117 1.405848
0.884271 1.405257
0.884429 1.404654
0.884552 1.404039
0.884694 1.403405
0.884841 1.402750
0.884973 1.402119
0.885113 1.401485
0.885253 1.400847
0.885347 1.400551
0.885493 1.399891
0.885647 1.399208
0.885782 1.398551
0.885930 1.397874
0.886082 1.397186
0.886236 1.396490
0.886397 1.395907
0.886534 1.395287
0.886680 1.394655
0.886812 1.394033
0.886954 1.393400
0.887093 1.392755
0.887241 1.392091
0.887325 1.391646
0.887485 1.391012
0.887645 1.390372
0.887785 1.389730
0.887934 1.389074
0.888085 1.388404
0.888239 1.387712
0.888343 1.387181
0.888485 1.386536
0.888627 1.385941
0.888774 1.385312
0.888921 1.384673
0.889070 1.384026
0.889224 1.383357
0.889341 1.382783
0.889481 1.382143
0.889623 1.381547
0.889776 1.380935
0.889921 1.380300
0.890068 1.379649
0.890150 1.379224
0.890293 1.378550
0.890444 1.377863
0.890581 1.377209
0.890750 1.376581
0.890900 1.375950
0.891047 1.375301
0.891176 1.374686
0.891321 1.374051
0.891460 1.373404
0.891590 1.372789
0.891746 1.372179
0.891900 1.371557
0.892016 1.370953
0.892156 1.370323
0.892301 1.369686
0.892442 1.369038
0.892584 1.368382
0.892675 1.368051
0.892835 1.367379
0.892972 1.366721
0.893122 1.366062
0.893276 1.365387
0.893414 1.364739
0.893557 1.364082
0.893704 1.363417
0.893864 1.362814
0.894002 1.362194
0.894145 1.361563
0.894272 1.360951
0.894412 1.360316
0.894552 1.359673
0.894695 1.359025
0.894754 1.358807
0.894916 1.358114
0.895081 1.357394
0.895226 1.356731
0.895381 1.356044
0.895534 1.355342
0.895537 1.354912
0.895320 1.354862
0.895064 1.354945
0.894924 1.354980
0.894788 1.355010
0.894658 1.355031
0.894539 1.355031
0.894438 1.354986
0.894339 1.354928
0.894240 1.354882
0.894205 1.354647
0.894219 1.354302
0.894090 1.354297
0.893855 1.354537
0.893588 1.354898
0.893488 1.354816
0.893410 1.354742
0.893308 1.354661
0.893234 1.354557
0.893172 1.354440
0.893130 1.354329
0.893066 1.354220
0.893023 1.354122
0.892960 1.354017
0.892857 1.353969
0.892753 1.353919
0.892591 1.354019
0.892312 1.354261
0.892262 1.354186
0.892209 1.354111
0.892139 1.354025
0.892075 1.353925
0.892024 1.353809
0.891970 1.353676
0.891937 1.353548
0.891878 1.353408
0.891826 1.353300
0.891899 1.353063
0.891803 1.353020
0.891627 1.353071
0.891312 1.353283
0.891234 1.353209
0.891198 1.353112
0.891184 1.352958
0.891208 1.352775
0.891219 1.352604
0.891137 1.352527
0.891045 1.352451
0.890947 1.352374
0.890871 1.352305
0.890760 1.352243
0.890623 1.352225
0.890359 1.352321
0.890298 1.352236
0.890232 1.352149
0.890263 1.351974
0.890369 1.351749
0.890307 1.351659
0.890311 1.351655
0.891067 1.351065
0.891829 1.350468
0.892301 1.350107
0.892635 1.349855
0.892754 1.349753
0.893316 1.349308
0.893904 1.348848
0.894510 1.348374
0.895126 1.347885
0.895503 1.347597
0.896031 1.347189
0.896532 1.346781
0.897051 1.346377
0.897585 1.345961
0.898134 1.345528
0.898526 1.345237
0.899048 1.344829
0.899582 1.344414
0.900085 1.344010
0.900607 1.343602
0.901144 1.343180
0.901651 1.342794
0.902145 1.342402
0.902655 1.342007
0.903172 1.341606
0.903614 1.341256
0.904131 1.340852
0.904652 1.340461
0.905168 1.340056
0.905674 1.339655
0.906191 1.339253
0.906678 1.338855
0.907186 1.338456
0.907704 1.338047
0.908201 1.337679
0.908700 1.337280
0.909215 1.336883
0.909736 1.336478
0.910128 1.336164
0.910652 1.335753
0.911181 1.335362
0.911700 1.334957
0.912208 1.334555
0.912726 1.334151
