1.175866 1.023095
1.175841 1.022447
1.175801 1.021822
1.175767 1.021173
1.175736 1.020504
1.175723 1.020277
1.175692 1.019570
1.175679 1.018867
1.175656 1.018156
1.175621 1.017475
1.175585 1.016775
1.175555 1.016061
1.175530 1.015434
1.175503 1.014785
1.175489 1.014134
1.175453 1.013498
1.175421 1.012837
1.175390 1.012154
1.175388 1.012009
1.175366 1.011294
1.175333 1.010542
1.175296 1.009875
1.175266 1.009183
1.175233 1.008460
1.175203 1.007724
1.175199 1.007380
1.175177 1.006687
1.175149 1.005962
1.175118 1.005303
1.175087 1.004618
1.175054 1.003903
1.175012 1.003256
1.175005 1.002642
1.174982 1.001994
1.174943 1.001360
1.174919 1.000717
1.174891 1.000061
1.174855 0.999609
1.174821 0.998922
1.174814 0.998258
1.174795 0.997585
1.174762 0.996927
1.174736 0.996275
1.174689 0.995630
1.174653 0.994971
1.174623 0.994313
1.174621 0.993687
1.174591 0.993049
1.174578 0.992424
1.174551 0.991776
1.174512 0.991140
1.174479 0.990482
1.174447 0.989819
1.174440 0.989603
1.174412 0.988878
1.174399 0.988161
1.174374 0.987445
1.174339 0.986767
1.174303 0.986070
1.174271 0.985351
1.174254 0.984725
1.174227 0.984082
1.174211 0.983442
1.174172 0.982811
1.174144 0.982165
1.174111 0.981507
1.174076 0.981017
1.174065 0.980353
1.174039 0.979682
1.174008 0.979051
1.173979 0.978392
1.173952 0.977724
1.173924 0.977044
1.173888 0.976411
1.173877 0.975776
1.173833 0.975159
1.173814 0.974525
1.173788 0.973875
1.173762 0.973209
1.173728 0.972691
1.173696 0.972015
1.173687 0.971358
1.173651 0.970711
1.173635 0.970059
1.173607 0.969394
1.173585 0.968719
1.173548 0.968074
1.173515 0.967423
1.173508 0.967270
1.173477 0.966552
1.173463 0.965841
1.173435 0.965116
1.173394 0.964433
1.173360 0.963729
1.173326 0.963013
1.173308 0.962383
1.173284 0.961735
1.173269 0.961090
1.173227 0.960459
1.173199 0.959811
1.173167 0.959150
1.173135 0.958483
1.173133 0.958134
1.173109 0.957442
1.173095 0.956760
1.173057 0.956092
1.173026 0.955402
1.172992 0.954684
1.172951 0.954029
1.172946 0.953414
1.172922 0.952765
1.172878 0.952142
1.172853 0.951499
1.172827 0.950848
1.172797 0.950175
1.172763 0.949509
1.172765 0.949188
1.172745 0.948495
1.172703 0.947812
1.172680 0.947133
1.172650 0.946435
1.172615 0.945778
1.172582 0.945109
1.172549 0.944433
1.172518 0.943812
1.172508 0.943190
1.172486 0.942545
1.172458 0.941888
1.172429 0.941236
1.172396 0.940576
1.172363 0.939910
1.172353 0.939613
1.172327 0.938916
1.172306 0.938231
1.172270 0.937556
1.172242 0.936865
1.172208 0.936160
1.172177 0.935432
1.172169 0.935033
1.172144 0.934357
