1.178789 1.093083
1.178750 1.092412
1.178715 1.091710
1.178704 1.091015
1.178663 1.090346
1.178628 1.089659
1.178600 1.088960
1.178571 1.088346
1.178543 1.087700
1.178515 1.087019
1.178491 1.086576
1.178460 1.085886
1.178434 1.085179
1.178437 1.084519
1.178406 1.083884
1.178376 1.083208
1.178342 1.082588
1.178311 1.081939
1.178280 1.081266
1.178252 1.080584
1.178244 1.080322
1.178217 1.079613
1.178190 1.078870
1.178160 1.078208
1.178128 1.077511
1.178098 1.076801
1.178052 1.076152
1.178034 1.075525
1.178015 1.074875
1.177992 1.074250
1.177965 1.073616
1.177937 1.072955
1.177888 1.072310
1.177880 1.071703
1.177861 1.071060
1.177822 1.070424
1.177801 1.069786
1.177778 1.069128
1.177750 1.068462
1.177714 1.067895
1.177702 1.067247
1.177659 1.066603
1.177645 1.065965
1.177622 1.065309
1.177594 1.064632
1.177557 1.064115
1.177523 1.063439
1.177511 1.062772
1.177478 1.062123
1.177460 1.061474
1.177436 1.060809
1.177389 1.060175
1.177356 1.059519
1.177355 1.058905
1.177321 1.058270
1.177293 1.057621
1.177279 1.057050
1.177231 1.056399
1.177195 1.055731
1.177166 1.055043
1.177141 1.054429
1.177118 1.053788
1.177111 1.053165
1.177090 1.052508
1.177050 1.051873
1.177017 1.051218
1.176991 1.050555
1.176975 1.050092
1.176947 1.049418
1.176935 1.048742
1.176891 1.048086
1.176857 1.047417
1.176829 1.046726
1.176813 1.046120
1.176790 1.045477
1.176766 1.044817
1.176742 1.044483
1.176709 1.043788
1.176674 1.043077
1.176627 1.042390
1.176617 1.041729
1.176595 1.041060
1.176589 1.040396
1.176554 1.039751
1.176524 1.039078
1.176494 1.038396
1.176457 1.037774
1.176447 1.037331
1.176423 1.036645
1.176393 1.036005
1.176363 1.035332
1.176333 1.034618
1.176291 1.033963
1.176286 1.033339
1.176267 1.032685
1.176221 1.032067
1.176198 1.031428
1.176171 1.030780
1.176124 1.030128
1.176093 1.029474
1.176090 1.028864
1.176073 1.028220
1.176038 1.027578
1.176015 1.026934
1.175992 1.026279
1.175953 1.025645
1.175921 1.024992
1.175916 1.024368
1.175878 1.023737
1.175866 1.023095
1.175841 1.022447
1.175801 1.021822
1.175767 1.021173
1.175736 1.020504
1.175723 1.020277
1.175692 1.019570
1.175679 1.018867
1.175656 1.018156
1.175621 1.017475
1.175585 1.016775
1.175555 1.016061
1.175530 1.015434
1.175503 1.014785
1.175489 1.014134
1.175453 1.013498
1.175421 1.012837
1.175390 1.012154
1.175388 1.012009
1.175366 1.011294
1.175333 1.010542
1.175296 1.009875
1.175266 1.009183
1.175233 1.008460
1.175203 1.007724
1.175199 1.007380
1.175177 1.006687
1.175149 1.005962
1.175118 1.005303
1.175087 1.004618
1.175054 1.003903
1.175012 1.003256
1.175005 1.002642
1.174982 1.001994
1.174943 1.001360
1.174919 1.000717
1.174891 1.000061
1.174855 0.999609
1.174821 0.998922
1.174814 0.998258
1.174795 0.997585
1.174762 0.996927
1.174736 0.996275
1.174689 0.995630
1.174653 0.994971
1.174623 0.994313
1.174621 0.993687
1.174591 0.993049
1.174578 0.992424
1.174551 0.991776
1.174512 0.991140
1.174479 0.990482
1.174447 0.989819
1.174440 0.989603
1.174412 0.988878
1.174399 0.988161
1.174374 0.987445
1.174339 0.986767
1.174303 0.986070
1.174271 0.985351
1.174254 0.984725
1.174227 0.984082
1.174211 0.983442
1.174172 0.982811
1.174144 0.982165
1.174111 0.981507
1.174076 0.981017
1.174065 0.980353
1.174039 0.979682
1.174008 0.979051
1.173979 0.978392
1.173952 0.977724
1.173924 0.977044
1.173888 0.976411
1.173877 0.975776
1.173833 0.975159
1.173814 0.974525
1.173788 0.973875
1.173762 0.973209
1.173728 0.972691
1.173696 0.972015
1.173687 0.971358
1.173651 0.970711
1.173635 0.970059
1.173607 0.969394
1.173585 0.968719
1.173548 0.968074
1.173515 0.967423
1.173508 0.967270
1.173477 0.966552
1.173463 0.965841
1.173435 0.965116
1.173394 0.964433
1.173360 0.963729
1.173326 0.963013
1.173308 0.962383
1.173284 0.961735
1.173269 0.961090
1.173227 0.960459
1.173199 0.959811
1.173167 0.959150
1.173135 0.958483
1.173133 0.958134
1.173109 0.957442
1.173095 0.956760
1.173057 0.956092
1.173026 0.955402
1.172992 0.954684
1.172951 0.954029
1.172946 0.953414
1.172922 0.952765
1.172878 0.952142
1.172853 0.951499
1.172827 0.950848
1.172797 0.950175
1.172763 0.949509
1.172765 0.949188
1.172745 0.948495
1.172703 0.947812
1.172680 0.947133
1.172650 0.946435
1.172615 0.945778
1.172582 0.945109
1.172549 0.944433
1.172518 0.943812
1.172508 0.943190
1.172486 0.942545
1.172458 0.941888
1.172429 0.941236
1.172396 0.940576
1.172363 0.939910
1.172353 0.939613
1.172327 0.938916
1.172306 0.938231
1.172270 0.937556
1.172242 0.936865
1.172208 0.936160
1.172177 0.935432
1.172169 0.935033
1.172144 0.934357
1.172109 0.933706
1.172082 0.933041
1.172054 0.932362
1.172022 0.931658
1.171979 0.931007
1.171975 0.930392
1.171958 0.929881
1.171920 0.929212
1.171895 0.928536
1.171867 0.927847
1.171839 0.927131
1.171802 0.926521
1.171772 0.925906
1.171742 0.925283
1.171730 0.924650
1.171707 0.924002
1.171682 0.923344
1.171659 0.922672
1.171622 0.922030
1.171590 0.921381
1.171583 0.921135
1.171556 0.920428
1.171534 0.919731
1.171505 0.919009
1.171464 0.918340
1.171433 0.917643
1.171399 0.916936
1.171390 0.916324
1.171367 0.915680
1.171349 0.915037
1.171321 0.914372
1.171290 0.913808
1.171261 0.913153
1.171213 0.912497
1.171179 0.911839
1.171167 0.911202
1.171158 0.910570
1.171136 0.909917
1.171104 0.909279
1.171074 0.908628
1.171039 0.908111
1.171005 0.907437
1.170999 0.906785
1.170975 0.906130
1.170937 0.905496
1.170910 0.904844
1.170883 0.904178
1.170850 0.903535
1.170816 0.902877
1.170784 0.902212
1.170777 0.901750
1.170752 0.901106
1.170727 0.900437
1.170699 0.899750
1.170667 0.899092
1.170633 0.898404
1.170600 0.897709
1.170601 0.897327
1.170567 0.896660
1.170549 0.895984
1.170506 0.895319
1.170478 0.894653
1.170450 0.893970
1.170416 0.893276
1.170384 0.892564
1.170375 0.892199
1.170365 0.891530
1.170326 0.890865
1.170297 0.890182
1.170269 0.889479
1.170237 0.888755
1.170202 0.888011
1.170165 0.887348
1.170152 0.886851
1.170144 0.886642
1.170115 0.885927
1.170085 0.885182
1.170054 0.884412
1.170018 0.883608
1.169977 0.882887
1.169977 0.882495
1.169947 0.881851
1.169923 0.881200
1.169896 0.880531
1.169869 0.879849
1.169840 0.879145
1.169803 0.878534
1.169772 0.877916
1.169758 0.877310
1.169733 0.876670
1.169708 0.876029
1.169682 0.875378
1.169656 0.874708
1.169626 0.874159
1.169592 0.873495
1.169552 0.872837
1.169542 0.872197
1.169529 0.871559
1.169502 0.870914
1.169475 0.870255
1.169445 0.869751
1.169416 0.869083
1.169372 0.868414
1.169339 0.867734
1.169329 0.867089
1.169315 0.866447
1.169289 0.865801
1.169249 0.865178
1.169223 0.864533
1.169183 0.863888
1.169150 0.863231
1.169118 0.862569
1.169117 0.862174
1.169106 0.861495
1.169082 0.860810
1.169048 0.860145
1.169005 0.859491
1.168975 0.858831
1.168941 0.858160
1.168908 0.857480
1.168904 0.856859
1.168881 0.856214
1.168847 0.855578
1.168822 0.854933
1.168796 0.854391
1.168769 0.853729
1.168734 0.853050
1.168610 0.852361
1.168530 0.852746
1.168443 0.853255
1.168358 0.853218
1.168265 0.853163
1.168172 0.853122
1.168078 0.853081
1.168095 0.852437
1.168113 0.851779
1.168131 0.851107
1.168152 0.850420
1.168167 0.849712
1.168096 0.849050
1.167993 0.849381
1.167887 0.849606
1.167781 0.849805
1.167681 0.849804
1.167580 0.849800
1.167482 0.849798
1.167560 0.849165
1.167625 0.848523
1.167695 0.847868
1.167668 0.847256
1.167550 0.847308
1.167448 0.847380
1.167230 0.847451
1.167013 0.847503
1.166889 0.847544
1.166761 0.847595
1.166582 0.847895
1.166477 0.847846
1.166372 0.847790
1.166271 0.847727
1.166171 0.847659
1.166071 0.847591
1.165978 0.847521
1.165945 0.847225
1.165821 0.847229
1.165693 0.847236
1.165566 0.847239
1.165445 0.847234
1.165327 0.847227
1.165206 0.847217
1.165090 0.847217
1.164965 0.847242
1.164857 0.847290
1.164730 0.847325
1.164651 0.847277
1.164569 0.847228
1.164530 0.847065
1.164539 0.846793
1.164433 0.846756
1.164332 0.846698
1.164231 0.846639
1.164126 0.846577
1.164018 0.846540
1.163915 0.846500
1.163809 0.846467
1.163696 0.846438
1.163574 0.846414
1.163437 0.846416
1.163310 0.846424
1.163019 0.846871
1.163244 0.846354
1.163364 0.845981
1.163567 0.845500
1.163468 0.845444
1.163378 0.845378
1.163292 0.845303
1.163205 0.845224
1.163214 0.845205
1.163327 0.844879
1.163528 0.844456
1.163411 0.844421
1.163375 0.844463
1.163520 0.844138
1.163585 0.843909
1.163632 0.843868
1.164091 0.843355
1.164569 0.842828
1.164998 0.842330
1.165450 0.841815
1.165879 0.841317
1.166322 0.840812
1.166760 0.840356
1.167192 0.839879
1.167634 0.839392
1.168045 0.838914
1.168474 0.838432
1.168891 0.837945
1.169321 0.837451
1.169760 0.836951
1.169996 0.836712
1.170474 0.836198
1.170909 0.835692
1.171360 0.835186
1.171795 0.834685
1.172248 0.834166
1.172712 0.833638
1.173183 0.833102
1.173461 0.832826
1.173894 0.832335
1.174345 0.831832
1.174780 0.831334
1.175230 0.830825
1.175686 0.830304
1.176149 0.829775
1.176622 0.829246
1.176799 0.829062
1.177271 0.828560
1.177716 0.828051
1.178169 0.827537
1.178630 0.827015
1.179100 0.826476
1.179581 0.825934
1.179958 0.825492
1.180362 0.825047
1.180789 0.824573
1.181219 0.824092
1.181655 0.823603
1.182106 0.823100
1.182559 0.822589
1.182940 0.822145
1.183355 0.821651
1.183772 0.821213
1.184198 0.820756
1.184629 0.820273
1.185070 0.819785
1.185467 0.819306
1.185898 0.818810
1.186319 0.818315
1.186757 0.817820
1.187045 0.817524
1.187508 0.817028
1.187971 0.816518
1.188396 0.816018
1.188837 0.815516
1.189269 0.815012
1.189720 0.814500
1.190182 0.813979
1.190468 0.813697
1.190934 0.813197
1.191366 0.812696
1.191810 0.812194
1.192246 0.811686
1.192697 0.811172
1.193156 0.810649
1.193624 0.810126
1.193735 0.810014
1.194205 0.809494
1.194657 0.808965
1.195120 0.808442
1.195597 0.807901
1.196096 0.807339
1.196604 0.806773
1.196778 0.806593
1.197243 0.806086
1.197690 0.805579
1.198150 0.805063
1.198626 0.804522
1.199112 0.803974
1.199370 0.803653
1.199821 0.803133
1.200285 0.802653
1.200726 0.802162
1.201169 0.801668
1.201628 0.801155
1.202092 0.800631
1.202395 0.800264
1.202843 0.799753
1.203279 0.799247
1.203736 0.798782
1.204176 0.798302
1.204621 0.797810
1.205022 0.797321
1.205451 0.796823
1.205897 0.796318
1.206328 0.795827
1.206770 0.795329
1.207046 0.795058
1.207515 0.794551
1.207944 0.794046
1.208388 0.793539
1.208825 0.793029
1.209282 0.792511
1.209757 0.791978
1.210026 0.791712
1.210450 0.791221
1.210895 0.790721
1.211353 0.790206
1.211804 0.789688
1.212268 0.789161
1.212743 0.788630
1.213220 0.788096
1.213407 0.787898
1.213871 0.787400
1.214312 0.786898
1.214764 0.786384
1.215227 0.785861
1.215699 0.785328
1.216106 0.784835
1.216533 0.784347
1.216941 0.783919
1.217373 0.783451
1.217810 0.782964
1.218251 0.782465
1.218697 0.781961
1.219030 0.781565
1.219450 0.781061
1.219888 0.780563
1.220340 0.780100
1.220787 0.779617
1.221230 0.779125
1.221628 0.778642
1.222058 0.778150
1.222481 0.777659
1.222928 0.777159
1.223173 0.776920
1.223653 0.776418
1.224083 0.775903
1.224528 0.775386
1.224996 0.774854
1.225451 0.774334
1.225918 0.773812
1.226389 0.773286
1.226688 0.772981
1.227108 0.772509
1.227548 0.772014
1.227985 0.771502
1.228446 0.770979
1.228916 0.770452
1.229388 0.769922
1.229683 0.769566
1.230120 0.769110
1.230538 0.768638
1.230974 0.768145
1.231419 0.767644
1.231869 0.767138
1.232103 0.766845
1.232561 0.766316
1.233029 0.765835
1.233471 0.765344
1.233927 0.764845
1.234390 0.764322
1.234859 0.763791
1.235210 0.763372
1.235626 0.762867
1.236060 0.762371
1.236502 0.761911
1.236948 0.761440
1.237387 0.760954
1.237782 0.760475
1.238214 0.759980
1.238636 0.759486
1.239066 0.758998
1.239492 0.758571
1.239936 0.758094
1.240329 0.757626
